NaiveSort
1, 0, 30, 4.90689, 24, 0.847997
2, 1, 35, 5.12928, 19, 0.625604
4, 2, 48, 5.58496, 12, 0.321928
8, 3, 81, 6.33985, 10, 0.167945
16, 4, 155, 7.27612, 13, 0.116193
32, 5, 480, 8.90689, 38, 0.109918
64, 6, 1470, 10.5216, 1843, 1.17232
128, 7, 3627, 11.8246, 127, 0.0496519
256, 8, 13527, 13.7236, 3626, 0.342619
512, 9, 42887, 15.3883, 6091, 0.191593
1024, 10, 185800, 17.5034, 7837, 0.0596041
2048, 11, 966691, 19.8827, 106118, 0.150267
4096, 12, 2802885, 21.4185, 231735, 0.114603
8192, 13, 10721620, 23.354, 1159315, 0.148125
16384, 14, 43959404, 25.3897, 9599633, 0.284958
32768, 15, 176796374, 27.3975, 6521131, 0.0522559
65536, 16, 803165854, 29.5811, 25318882, 0.0447772
131072, 17, 3464641792, 31.6901, 124056697, 0.0507545
[3527402402, 3440499018, 3440921842, 3534422332, 3434274616, 3424060742, 3434534852, 3474235555, 3470760683, 3430308645, 3424594098, 3619070020, 3397428529, 3475479623, 3393529578, 3421675897, 3420799679, 3447724467, 3383911466, 3347779031, 3565543591, 3446424756, 3430205261, 3411512475, 3417549120, 3390457185, 3460225595, 3415963955, 3474498067, 3389083129, 3412430815, 3366343678, 3387210783, 3392908106, 3974224520, 4259534685, 3755518399, 3848636419, 3553349577, 3419465003, 3398257205, 3447242120, 3442274072, 3430531813, 3361290767, 3357319539, 3382345951, 3379579888, 3350065560, 3411788448, 3441594966, 3474955638, 3390839851, 3398728091, 3407129256, 3500593319, 3465311919, 3435595265, 3471682549, 3416296635, 3478010664, 3385913681, 3383695773, 3377947990, 3466664809, 3422348683, 3396376251, 3394550143, 3448394896, 3399965780, 3457141244, 3430911181, 3755545771, 3433551895, 3513710045, 3490150168, 3474223465, 3473449635, 3443400893, 3475543478, 3458671040, 3448648047, 3448542468, 3492868249, 3454622839, 3469423078, 3409465350, 3521654172, 3624479628, 3553126088, 3547919440, 3498489221, 3367760730, 3437836038, 3443524026, 3386787062, 3453604946, 3441583206, 3444315192, 3381440920]
PrefixDoubling
1, 0, 78, 6.2854, 102, 1.20645
2, 1, 139, 7.11894, 38, 0.348664
4, 2, 236, 7.88264, 69, 0.370022
8, 3, 353, 8.46352, 108, 0.385099
16, 4, 657, 9.35975, 189, 0.364764
32, 5, 1185, 10.2107, 213, 0.238477
64, 6, 2777, 11.4393, 1328, 0.563855
128, 7, 5282, 12.3669, 175, 0.0470237
256, 8, 12691, 13.6315, 2559, 0.265003
512, 9, 26152, 14.6746, 4232, 0.216391
1024, 10, 55919, 15.7711, 6091, 0.149162
2048, 11, 118630, 16.8561, 8373, 0.0983937
4096, 12, 255860, 17.965, 11633, 0.0641465
8192, 13, 980969, 19.9038, 2348765, 1.76313
16384, 14, 2240249, 21.0952, 1222787, 0.628378
32768, 15, 2767502, 21.4002, 1095072, 0.480978
65536, 16, 9684610, 23.2073, 1041238, 0.147326
131072, 17, 33553771, 25, 7262963, 0.282686
[33419801, 31341899, 32403592, 31671931, 31545463, 32336276, 32411247, 32520763, 32383124, 34077331, 32327869, 31785386, 33240332, 32563174, 33176702, 31764175, 31729400, 31906695, 31853044, 31676290, 31838776, 31986034, 31867230, 32702056, 32032242, 31374450, 31917995, 31998027, 32334741, 31950928, 32660978, 32147249, 32606285, 32091974, 31281414, 32035628, 32787417, 32016412, 33723097, 31583254, 31619211, 31881727, 32290058, 31829207, 31666180, 32556851, 31537497, 31886195, 31985172, 33297680, 31377465, 31923647, 31570920, 32450911, 31685096, 32108214, 31671280, 32061286, 31916042, 31810142, 34270616, 31845138, 74256630, 86557834, 56516996, 33016919, 32072567, 31265433, 32404624, 32221699, 32112222, 32725810, 32453697, 32967125, 32185971, 32086122, 32130626, 31603502, 32327549, 32041348, 32936007, 32359900, 31832424, 31925750, 32415002, 34269539, 33259663, 32161104, 33291197, 32598159, 32131478, 32447835, 34082545, 42381715, 31577623, 31933864, 32061105, 32543175, 31892937, 32018204]
Ka-Sa-03
1, 0, 27, 4.75489, 15, 0.63743
2, 1, 555, 9.11634, 81, 0.196539
4, 2, 591, 9.20701, 97, 0.21925
8, 3, 855, 9.73978, 105, 0.16711
16, 4, 1284, 10.3264, 198, 0.2069
32, 5, 1785, 10.8017, 222, 0.169117
64, 6, 3657, 11.8364, 3474, 0.963444
128, 7, 6227, 12.6043, 617, 0.136302
256, 8, 11544, 13.4949, 1301, 0.154064
512, 9, 23582, 14.5254, 2457, 0.142988
1024, 10, 47016, 15.5209, 4020, 0.118363
2048, 11, 92876, 16.503, 7923, 0.118104
4096, 12, 195068, 17.5736, 61716, 0.396578
8192, 13, 379184, 18.5325, 15973, 0.0595279
16384, 14, 754944, 19.526, 31712, 0.0593633
32768, 15, 1547948, 20.5619, 112176, 0.100934
65536, 16, 3883114, 21.8888, 293955, 0.105277
131072, 17, 8412138, 23.004, 305221, 0.0514186
[8782998, 9046455, 8610152, 8251595, 8523327, 8086553, 8246174, 8271943, 8476960, 8838984, 8673601, 8244702, 8688970, 8302620, 8683771, 8470948, 8237037, 8339231, 8314974, 8792656, 8554146, 8086964, 8629237, 8201951, 8619590, 8269368, 8445140, 8210397, 8167756, 8634667, 8866325, 8229604, 8286090, 8607397, 8207822, 8935495, 8134724, 8579193, 8379396, 8423930, 7984660, 8621022, 8795502, 8482310, 8465899, 8276471, 8566169, 8727312, 8867166, 9431552, 9157083, 8096001, 8678360, 7915981, 8335403, 8646850, 8789691, 8100269, 8074080, 8224854, 8497659, 8533316, 8394484, 8778740, 8204416, 8196551, 8119084, 8141036, 8302691, 8443046, 8709930, 8255122, 8102043, 8295148, 8639266, 8501787, 7851489, 8258538, 8170251, 8284537, 8758651, 8994537, 8074310, 8184007, 8032581, 7986604, 7926260, 8135376, 8523478, 8092715, 8129905, 8223703, 7934867, 8944222, 8691535, 8018354, 8374286, 8003146, 8308832, 8607827]
SA-IS-09
1, 0, 26, 4.70044, 17, 0.725825
2, 1, 684, 9.41785, 106, 0.207856
4, 2, 914, 9.83605, 2072, 1.70795
8, 3, 817, 9.67419, 67, 0.11371
16, 4, 1112, 10.1189, 63, 0.079504
32, 5, 1690, 10.7228, 55, 0.0462038
64, 6, 2785, 11.4435, 33, 0.0169943
128, 7, 4951, 12.2735, 958, 0.255194
256, 8, 9660, 13.2378, 5578, 0.657578
512, 9, 17631, 14.1058, 930, 0.0741601
1024, 10, 34743, 15.0844, 2247, 0.090413
2048, 11, 68740, 16.0689, 3459, 0.070829
4096, 12, 137644, 17.0706, 8460, 0.086054
8192, 13, 275931, 18.0739, 7063, 0.0364639
16384, 14, 609754, 19.2179, 351969, 0.657394
32768, 15, 1097919, 20.0663, 32904, 0.0426015
65536, 16, 2219456, 21.0818, 151896, 0.0955037
131072, 17, 4429679, 22.0788, 71658, 0.0231514
[4636562, 4365791, 4377312, 4355551, 4411216, 4353627, 4357184, 4458275, 4398051, 4390497, 4387001, 4603178, 4361602, 4413681, 4495676, 4478002, 4431965, 4377723, 4361191, 4366021, 4358587, 4391178, 4466360, 4365861, 4387040, 4361833, 4370269, 4391289, 4357795, 4386129, 4425774, 4574123, 4363626, 4388313, 4471470, 4358246, 4373334, 4368154, 4381049, 4395777, 4365239, 4417217, 4408491, 4439504, 4522005, 4490595, 4510784, 4488121, 4525422, 4485085, 4581838, 4525020, 4545419, 4545370, 4492599, 4363686, 4453626, 4366923, 4397090, 4358767, 4363165, 4410445, 4357375, 4374216, 4417407, 4379466, 4504588, 4503660, 4531643, 4501326, 4504923, 4571749, 4568543, 4498902, 4495415, 4590294, 4483813, 4385959, 4390837, 4424130, 4369327, 4377383, 4372643, 4367293, 4356293, 4407549, 4364438, 4533617, 4411016, 4367975, 4376029, 4353517, 4375399, 4490686, 4366922, 4504542, 4437727, 4451122, 4454828, 4372634]
